Group num: 0, TC(X;Y_j): 0.186
ship, 0.282, 1.000, 0.282
enemy, 0.054, 1.000, 0.054
land_force, 0.044, 1.000, 0.044
mouth, 0.042, 1.000, 0.042
proceed, 0.041, 1.000, 0.041
collect, 0.028, 1.000, 0.028
booty, 0.023, 1.000, 0.023
crew, 0.020, 1.000, 0.020
sail, 0.020, 1.000, 0.020
fleet, 0.020, 1.000, 0.020
coast, 0.016, 1.000, 0.016
destroy, 0.014, 1.000, 0.014
disperse, 0.013, 1.000, 0.013
main_army, 0.013, 1.000, 0.013
escape, 0.012, 1.000, 0.012
sea_coast, 0.012, 1.000, 0.012
reach, 0.010, 1.000, 0.010
deprive, 0.010, 1.000, 0.010
warn, 0.009, 1.000, 0.009
besiege, 0.009, 1.000, 0.009
return_homeward, 0.008, 1.000, 0.008
relative, 0.007, 1.000, 0.007
ere, 0.007, 1.000, 0.007
burn_town, 0.006, 1.000, 0.006
design, 0.006, 1.000, 0.006
court, 0.005, 1.000, 0.005
baptism, 0.004, 1.000, 0.004
cousin, 0.003, 1.000, 0.003
throw, 0.003, 1.000, 0.003
allegiance, 0.003, 1.000, 0.003
refuse, 0.002, 1.000, 0.002
sheriff, 0.002, 1.000, 0.002
establish, 0.002, 1.000, 0.002
port, 0.000, 1.000, 0.000
Group num: 1, TC(X;Y_j): 0.180
abbot, 0.158, 1.000, 0.158
monk, 0.149, 1.000, 0.149
minster, 0.090, 1.000, 0.090
bishop, 0.040, 1.000, 0.040
monastery, 0.030, 1.000, 0.030
call, 0.021, 1.000, 0.021
speak, 0.020, 1.000, 0.020
clerk, 0.016, 1.000, 0.016
love, 0.016, 1.000, 0.016
choose_monk, 0.015, 1.000, 0.015
consecration, 0.015, 1.000, 0.015
abbacy, 0.013, 1.000, 0.013
abbot_monk, 0.013, 1.000, 0.013
blood, 0.013, 1.000, 0.013
service, 0.012, 1.000, 0.012
fen, 0.012, 1.000, 0.012
concern, 0.011, 1.000, 0.011
saint, 0.011, 1.000, 0.011
new_minster, 0.010, 1.000, 0.010
mass_priest, 0.010, 1.000, 0.010
go_homeward, 0.008, 1.000, 0.008
send_preach, 0.007, 1.000, 0.007
leave, 0.007, 1.000, 0.007
fire, 0.005, 1.000, 0.005
worship, 0.005, 1.000, 0.005
government, 0.005, 1.000, 0.005
convert, 0.003, 1.000, 0.003
decreed, 0.003, 1.000, 0.003
Group num: 2, TC(X;Y_j): 0.122
die, 0.107, 1.000, 0.107
castle, 0.052, 1.000, 0.052
promise, 0.045, 1.000, 0.045
peace, 0.042, 1.000, 0.042
king, 0.035, 1.000, 0.035
lord, 0.026, 1.000, 0.026
lie, 0.019, 1.000, 0.019
confirm, 0.017, 1.000, 0.017
treachery, 0.017, 1.000, 0.017
dwell, 0.017, 1.000, 0.017
counsel, 0.014, 1.000, 0.014
strength, 0.013, 1.000, 0.013
allow, 0.013, 1.000, 0.013
chief_man, 0.013, 1.000, 0.013
hostility, 0.013, 1.000, 0.013
guild, 0.011, 1.000, 0.011
surrender, 0.011, 1.000, 0.011
speed, 0.011, 1.000, 0.011
protection, 0.009, 1.000, 0.009
fill, 0.009, 1.000, 0.009
hallow, 0.009, 1.000, 0.009
desert, 0.009, 1.000, 0.009
custody, 0.009, 1.000, 0.009
entertain, 0.009, 1.000, 0.009
body_lie, 0.008, 1.000, 0.008
renounce, 0.007, 1.000, 0.007
do_homage, 0.007, 1.000, 0.007
messenger, 0.007, 1.000, 0.007
cross, 0.006, 1.000, 0.006
depart, 0.006, 1.000, 0.006
rest, 0.006, 1.000, 0.006
pomp, 0.005, 1.000, 0.005
dominion, 0.004, 1.000, 0.004
maintain, 0.003, 1.000, 0.003
Group num: 3, TC(X;Y_j): 0.096
army, 0.153, 1.000, 0.153
force, 0.059, 1.000, 0.059
suffer, 0.034, 1.000, 0.034
make_peace, 0.027, 1.000, 0.027
hostage, 0.027, 1.000, 0.027
bridge, 0.023, 1.000, 0.023
overrun, 0.018, 1.000, 0.018
truce, 0.016, 1.000, 0.016
inhabitant, 0.013, 1.000, 0.013
expedition, 0.013, 1.000, 0.013
population, 0.013, 1.000, 0.013
subdue_land, 0.011, 1.000, 0.011
drown, 0.011, 1.000, 0.011
fort, 0.011, 1.000, 0.011
surround, 0.009, 1.000, 0.009
steal, 0.009, 1.000, 0.009
remain, 0.008, 1.000, 0.008
ravage, 0.008, 1.000, 0.008
river, 0.008, 1.000, 0.008
oppress, 0.007, 1.000, 0.007
lay_waste, 0.007, 1.000, 0.007
deliver, 0.006, 1.000, 0.006
hostile, 0.006, 1.000, 0.006
waste, 0.006, 1.000, 0.006
peace_make, 0.004, 1.000, 0.004
exile, 0.003, 1.000, 0.003
determine, 0.003, 1.000, 0.003
Group num: 4, TC(X;Y_j): 0.095
fight, 0.207, 1.000, 0.207
gain, 0.033, 1.000, 0.033
obtain_victory, 0.032, 1.000, 0.032
have_victory, 0.028, 1.000, 0.028
put_flight, 0.027, 1.000, 0.027
field_battle, 0.018, 1.000, 0.018
victory, 0.014, 1.000, 0.014
overcome, 0.013, 1.000, 0.013
alderman, 0.013, 1.000, 0.013
battle_fight, 0.012, 1.000, 0.012
wound, 0.011, 1.000, 0.011
slaughter, 0.007, 1.000, 0.007
heathen_army, 0.006, 1.000, 0.006
mass, 0.005, 1.000, 0.005
field, 0.005, 1.000, 0.005
alm, 0.003, 1.000, 0.003
begin_reign, 0.003, 1.000, 0.003
subject, 0.003, 1.000, 0.003
troop, 0.003, 1.000, 0.003
Group num: 5, TC(X;Y_j): 0.092
plunder, 0.123, 1.000, 0.123
burn, 0.071, 1.000, 0.071
do_harm, 0.050, 1.000, 0.050
cattle, 0.036, 1.000, 0.036
large_army, 0.028, 1.000, 0.028
spoil, 0.026, 1.000, 0.026
midwinter, 0.023, 1.000, 0.023
wind, 0.021, 1.000, 0.021
return, 0.020, 1.000, 0.020
arise, 0.019, 1.000, 0.019
sea, 0.017, 1.000, 0.017
landsman, 0.014, 1.000, 0.014
relict, 0.014, 1.000, 0.014
horse, 0.013, 1.000, 0.013
govern, 0.010, 1.000, 0.010
good_man, 0.009, 1.000, 0.009
reign, 0.009, 1.000, 0.009
remember, 0.007, 1.000, 0.007
earth, 0.005, 1.000, 0.005
earthquake, 0.004, 1.000, 0.004
Group num: 6, TC(X;Y_j): 0.089
council, 0.043, 1.000, 0.043
tribute, 0.041, 1.000, 0.041
provision, 0.038, 1.000, 0.038
swear, 0.038, 1.000, 0.038
hold_court, 0.023, 1.000, 0.023
conduct, 0.022, 1.000, 0.022
give_castle, 0.020, 1.000, 0.020
agree, 0.020, 1.000, 0.020
abode, 0.019, 1.000, 0.019
full_friendship, 0.017, 1.000, 0.017
accept, 0.017, 1.000, 0.017
increase, 0.017, 1.000, 0.017
offer, 0.016, 1.000, 0.016
consent, 0.015, 1.000, 0.015
pay, 0.014, 1.000, 0.014
faithful, 0.014, 1.000, 0.014
conspiracy, 0.012, 1.000, 0.012
declare, 0.012, 1.000, 0.012
tribute_pay, 0.012, 1.000, 0.012
moon, 0.012, 1.000, 0.012
fall, 0.010, 1.000, 0.010
unite, 0.008, 1.000, 0.008
star, 0.008, 1.000, 0.008
oath, 0.008, 1.000, 0.008
sun, 0.007, 1.000, 0.007
child, 0.006, 1.000, 0.006
territory, 0.006, 1.000, 0.006
harass, 0.003, 1.000, 0.003
work_castle, 0.001, 1.000, 0.001
Group num: 7, TC(X;Y_j): 0.083
pall, 0.065, 1.000, 0.065
archbishop, 0.056, 1.000, 0.056
mass_day, 0.051, 1.000, 0.051
consecrate, 0.040, 1.000, 0.040
synod, 0.021, 1.000, 0.021
episcopal, 0.018, 1.000, 0.018
blessing, 0.015, 1.000, 0.015
nephew, 0.013, 1.000, 0.013
choose_pope, 0.013, 1.000, 0.013
brother_succeed, 0.012, 1.000, 0.012
die_body, 0.012, 1.000, 0.012
holy, 0.012, 1.000, 0.012
baptize, 0.010, 1.000, 0.010
bless, 0.009, 1.000, 0.009
dignity, 0.009, 1.000, 0.009
give_abbacy, 0.008, 1.000, 0.008
obtain, 0.008, 1.000, 0.008
succeed_government, 0.007, 1.000, 0.007
stead, 0.007, 1.000, 0.007
weather, 0.007, 1.000, 0.007
altar, 0.007, 1.000, 0.007
consecrate_archbishop, 0.006, 1.000, 0.006
great_pomp, 0.005, 1.000, 0.005
give_bishopric, 0.005, 1.000, 0.005
clergy_laity, 0.005, 1.000, 0.005
apostle, 0.004, 1.000, 0.004
teach, 0.004, 1.000, 0.004
destruction, 0.003, 1.000, 0.003
loss, 0.001, 1.000, 0.001
Group num: 8, TC(X;Y_j): 0.071
aid, 0.054, 1.000, 0.054
overtake, 0.033, 1.000, 0.033
flight, 0.031, 1.000, 0.031
fight_put, 0.029, 1.000, 0.029
fortress, 0.025, 1.000, 0.025
work, 0.019, 1.000, 0.019
deal, 0.018, 1.000, 0.018
forsook, 0.016, 1.000, 0.016
abandon, 0.015, 1.000, 0.015
army_collect, 0.012, 1.000, 0.012
sit, 0.011, 1.000, 0.011
assemble, 0.011, 1.000, 0.011
naval_armament, 0.010, 1.000, 0.010
join, 0.009, 1.000, 0.009
naval_force, 0.008, 1.000, 0.008
navy, 0.008, 1.000, 0.008
conclude, 0.006, 1.000, 0.006
security, 0.006, 1.000, 0.006
flee, 0.006, 1.000, 0.006
naval, 0.006, 1.000, 0.006
weapon, 0.005, 1.000, 0.005
army_sit, 0.005, 1.000, 0.005
fortnight, 0.004, 1.000, 0.004
Group num: 9, TC(X;Y_j): 0.069
slay, 0.092, 1.000, 0.092
slew, 0.045, 1.000, 0.045
companion, 0.036, 1.000, 0.036
great_slaughter, 0.036, 1.000, 0.036
battle, 0.025, 1.000, 0.025
pirate, 0.022, 1.000, 0.022
gate, 0.015, 1.000, 0.015
townsman, 0.015, 1.000, 0.015
people_gather, 0.013, 1.000, 0.013
lead_army, 0.013, 1.000, 0.013
meat, 0.013, 1.000, 0.013
wall, 0.011, 1.000, 0.011
take_cattle, 0.011, 1.000, 0.011
master, 0.010, 1.000, 0.010
leader, 0.009, 1.000, 0.009
father, 0.007, 1.000, 0.007
rich_man, 0.007, 1.000, 0.007
conquer, 0.006, 1.000, 0.006
expel, 0.006, 1.000, 0.006
sun_eclipse, 0.006, 1.000, 0.006
noble, 0.006, 1.000, 0.006
desire, 0.006, 1.000, 0.006
rule, 0.005, 1.000, 0.005
Group num: 10, TC(X;Y_j): 0.057
succeed, 0.073, 1.000, 0.073
bishopric, 0.069, 1.000, 0.069
appoint, 0.045, 1.000, 0.045
succeed_kingdom, 0.027, 1.000, 0.027
resign, 0.021, 1.000, 0.021
decree, 0.020, 1.000, 0.020
consecrated, 0.019, 1.000, 0.019
ordain, 0.015, 1.000, 0.015
build, 0.014, 1.000, 0.014
command, 0.012, 1.000, 0.012
body, 0.011, 1.000, 0.011
commit, 0.010, 1.000, 0.010
give_hostage, 0.010, 1.000, 0.010
receive_baptism, 0.009, 1.000, 0.009
priest_succeed, 0.009, 1.000, 0.009
faith, 0.009, 1.000, 0.009
moon_eclipse, 0.009, 1.000, 0.009
claim, 0.009, 1.000, 0.009
betwixt, 0.007, 1.000, 0.007
wood, 0.005, 1.000, 0.005
undertake, 0.003, 1.000, 0.003
ground, 0.003, 1.000, 0.003
drag, 0.002, 1.000, 0.002
restore, 0.002, 1.000, 0.002
Group num: 11, TC(X;Y_j): 0.053
corn, 0.037, 1.000, 0.037
archbishopric, 0.032, 1.000, 0.032
kill, 0.032, 1.000, 0.032
fruit, 0.027, 1.000, 0.027
citizen, 0.024, 1.000, 0.024
decease, 0.023, 1.000, 0.023
law, 0.020, 1.000, 0.020
thane, 0.019, 1.000, 0.019
lose, 0.008, 1.000, 0.008
murrain_cattle, 0.007, 1.000, 0.007
plunder_burn, 0.007, 1.000, 0.007
secure, 0.007, 1.000, 0.007
sell, 0.006, 1.000, 0.006
sink, 0.006, 1.000, 0.006
country, 0.006, 1.000, 0.006
mark, 0.005, 1.000, 0.005
heir, 0.005, 1.000, 0.005
possession, 0.004, 1.000, 0.004
demand, 0.002, 1.000, 0.002
succeed_empire, 0.000, 1.000, 0.000
Group num: 12, TC(X;Y_j): 0.048
church, 0.085, 1.000, 0.085
soul, 0.038, 1.000, 0.038
dead, 0.035, 1.000, 0.035
honour, 0.017, 1.000, 0.017
dear, 0.015, 1.000, 0.015
die_bury, 0.015, 1.000, 0.015
man_remember, 0.013, 1.000, 0.013
great_famine, 0.013, 1.000, 0.013
pray, 0.013, 1.000, 0.013
festival, 0.013, 1.000, 0.013
bow, 0.012, 1.000, 0.012
succeed_archbishopric, 0.011, 1.000, 0.011
bliss, 0.011, 1.000, 0.011
choose, 0.009, 1.000, 0.009
perform, 0.006, 1.000, 0.006
old_minster, 0.005, 1.000, 0.005
assist, 0.005, 1.000, 0.005
war, 0.005, 1.000, 0.005
subdue, 0.004, 1.000, 0.004
end_life, 0.004, 1.000, 0.004
empire, 0.003, 1.000, 0.003
engage, 0.003, 1.000, 0.003
assistance, 0.002, 1.000, 0.002
conflict, 0.002, 1.000, 0.002
Group num: 13, TC(X;Y_j): 0.042
deed, 0.039, 1.000, 0.039
hear, 0.034, 1.000, 0.034
folk, 0.030, 1.000, 0.030
land, 0.030, 1.000, 0.030
reconcile, 0.025, 1.000, 0.025
evil, 0.021, 1.000, 0.021
divide, 0.019, 1.000, 0.019
station, 0.016, 1.000, 0.016
servant, 0.013, 1.000, 0.013
wist, 0.013, 1.000, 0.013
household, 0.011, 1.000, 0.011
heaven, 0.008, 1.000, 0.008
seek, 0.007, 1.000, 0.007
banish, 0.007, 1.000, 0.007
glory, 0.007, 1.000, 0.007
borough, 0.006, 1.000, 0.006
emperor, 0.005, 1.000, 0.005
settle, 0.004, 1.000, 0.004
come_meet, 0.003, 1.000, 0.003
beg, 0.002, 1.000, 0.002
Group num: 14, TC(X;Y_j): 0.037
outlaw, 0.056, 1.000, 0.056
possess, 0.041, 1.000, 0.041
treasure, 0.035, 1.000, 0.035
summon, 0.023, 1.000, 0.023
difficulty, 0.023, 1.000, 0.023
whole_army, 0.020, 1.000, 0.020
storm, 0.020, 1.000, 0.020
give_earldom, 0.020, 1.000, 0.020
proclaim, 0.014, 1.000, 0.014
sick, 0.011, 1.000, 0.011
wife, 0.008, 1.000, 0.008
hide, 0.006, 1.000, 0.006
money, 0.006, 1.000, 0.006
report, 0.005, 1.000, 0.005
advise, 0.004, 1.000, 0.004
kinsman, 0.001, 1.000, 0.001
friendship, 0.001, 1.000, 0.001
Group num: 15, TC(X;Y_j): 0.033
account, 0.037, 1.000, 0.037
bishop_abbot, 0.021, 1.000, 0.021
heathen, 0.019, 1.000, 0.019
earl, 0.018, 1.000, 0.018
prison, 0.017, 1.000, 0.017
go_sea, 0.017, 1.000, 0.017
knight, 0.016, 1.000, 0.016
take_wife, 0.016, 1.000, 0.016
treaty, 0.015, 1.000, 0.015
reduce, 0.013, 1.000, 0.013
buy, 0.013, 1.000, 0.013
death, 0.012, 1.000, 0.012
scot, 0.011, 1.000, 0.011
crown, 0.009, 1.000, 0.009
son_succeed, 0.008, 1.000, 0.008
act, 0.006, 1.000, 0.006
english_nation, 0.005, 1.000, 0.005
retire, 0.004, 1.000, 0.004
ethel, 0.004, 1.000, 0.004
rank, 0.004, 1.000, 0.004
seek_land, 0.004, 1.000, 0.004
pass, 0.003, 1.000, 0.003
porch, 0.002, 1.000, 0.002
Group num: 16, TC(X;Y_j): 0.029
pope, 0.052, 1.000, 0.052
gold_silver, 0.033, 1.000, 0.033
bury, 0.027, 1.000, 0.027
nation, 0.017, 1.000, 0.017
brother, 0.017, 1.000, 0.017
betray, 0.014, 1.000, 0.014
rood, 0.014, 1.000, 0.014
wretched, 0.014, 1.000, 0.014
property, 0.014, 1.000, 0.014
gift, 0.014, 1.000, 0.014
priest, 0.012, 1.000, 0.012
harvest, 0.010, 1.000, 0.010
archiepiscopal, 0.010, 1.000, 0.010
perish, 0.009, 1.000, 0.009
friend, 0.009, 1.000, 0.009
defend, 0.008, 1.000, 0.008
advice, 0.006, 1.000, 0.006
win_land, 0.004, 1.000, 0.004
Group num: 17, TC(X;Y_j): 0.028
son, 0.108, 1.000, 0.108
daughter, 0.071, 1.000, 0.071
swear_oath, 0.032, 1.000, 0.032
gather, 0.016, 1.000, 0.016
uncle, 0.011, 1.000, 0.011
seize, 0.010, 1.000, 0.010
kingdom_hold, 0.010, 1.000, 0.010
assume_government, 0.008, 1.000, 0.008
rise, 0.008, 1.000, 0.008
depart_life, 0.006, 1.000, 0.006
hunger, 0.005, 1.000, 0.005
heavenly, 0.004, 1.000, 0.004
Group num: 18, TC(X;Y_j): 0.024
win, 0.035, 1.000, 0.035
wise, 0.027, 1.000, 0.027
drive, 0.021, 1.000, 0.021
kingdom, 0.021, 1.000, 0.021
martyr, 0.019, 1.000, 0.019
wise_man, 0.019, 1.000, 0.019
great_council, 0.017, 1.000, 0.017
fortify, 0.016, 1.000, 0.016
bury_minster, 0.014, 1.000, 0.014
succeed_earldom, 0.012, 1.000, 0.012
fair, 0.012, 1.000, 0.012
earldom_father, 0.009, 1.000, 0.009
mother, 0.008, 1.000, 0.008
island, 0.007, 1.000, 0.007
devastation, 0.001, 1.000, 0.001
Group num: 19, TC(X;Y_j): 0.019
receive, 0.127, 1.000, 0.127
sister, 0.063, 1.000, 0.063
consecrate_bishop, 0.019, 1.000, 0.019
great_worship, 0.014, 1.000, 0.014
hallowed, 0.013, 1.000, 0.013
manifold, 0.005, 1.000, 0.005
invest, 0.005, 1.000, 0.005
drive_bishopric, 0.004, 1.000, 0.004
unjust, 0.001, 1.000, 0.001
