Group num: 0, TC(X;Y_j): 0.229
kill, 0.069, 5.000, 0.346
murrain_cattle, 0.015, 1.000, 0.015
blood, 0.009, 1.000, 0.009
fruit, 0.008, 1.000, 0.008
corn, 0.006, 1.000, 0.006
earth, 0.006, 1.000, 0.006
law, 0.006, 1.000, 0.006
rise, 0.003, 1.000, 0.003
establish, 0.003, 1.000, 0.003
heathen, 0.002, 1.000, 0.002
Group num: 1, TC(X;Y_j): 0.065
succeed, 0.061, 1.000, 0.061
bishopric, 0.058, 1.000, 0.058
appoint, 0.045, 1.000, 0.045
command, 0.030, 1.000, 0.030
succeed_kingdom, 0.023, 1.000, 0.023
work, 0.021, 1.000, 0.021
build, 0.018, 1.000, 0.018
seize, 0.015, 1.000, 0.015
ordain, 0.013, 1.000, 0.013
commit, 0.012, 1.000, 0.012
give_hostage, 0.012, 1.000, 0.012
bridge, 0.009, 1.000, 0.009
receive_baptism, 0.008, 1.000, 0.008
priest_succeed, 0.008, 1.000, 0.008
moon_eclipse, 0.008, 1.000, 0.008
claim, 0.008, 1.000, 0.008
mark, 0.008, 1.000, 0.008
sit, 0.007, 1.000, 0.007
hunger, 0.007, 1.000, 0.007
wood, 0.007, 1.000, 0.007
baptize, 0.006, 1.000, 0.006
devastation, 0.006, 1.000, 0.006
consecrated, 0.005, 1.000, 0.005
fortify, 0.005, 1.000, 0.005
wall, 0.005, 1.000, 0.005
ground, 0.004, 1.000, 0.004
drag, 0.003, 1.000, 0.003
undertake, 0.003, 1.000, 0.003
faith, 0.003, 1.000, 0.003
restore, 0.002, 1.000, 0.002
Group num: 2, TC(X;Y_j): 0.072
plunder, 0.062, 1.000, 0.062
cattle, 0.045, 1.000, 0.045
horse, 0.037, 1.000, 0.037
spoil, 0.032, 1.000, 0.032
wind, 0.026, 1.000, 0.026
midwinter, 0.025, 1.000, 0.025
return, 0.022, 1.000, 0.022
large_army, 0.021, 1.000, 0.021
landsman, 0.017, 1.000, 0.017
burn_town, 0.017, 1.000, 0.017
do_harm, 0.015, 1.000, 0.015
master, 0.014, 1.000, 0.014
sea, 0.011, 1.000, 0.011
govern, 0.009, 1.000, 0.009
remember, 0.008, 1.000, 0.008
reign, 0.006, 1.000, 0.006
arise, 0.005, 1.000, 0.005
earthquake, 0.005, 1.000, 0.005
lose, 0.005, 1.000, 0.005
kingdom_hold, 0.001, 1.000, 0.001
Group num: 3, TC(X;Y_j): 0.111
fight, 0.181, 1.000, 0.181
slay, 0.081, 1.000, 0.081
great_slaughter, 0.031, 1.000, 0.031
wound, 0.025, 1.000, 0.025
obtain_victory, 0.024, 1.000, 0.024
leader, 0.018, 1.000, 0.018
slew, 0.017, 1.000, 0.017
people_gather, 0.016, 1.000, 0.016
battle, 0.015, 1.000, 0.015
collect, 0.014, 1.000, 0.014
pirate, 0.012, 1.000, 0.012
drown, 0.011, 1.000, 0.011
battle_fight, 0.010, 1.000, 0.010
companion, 0.008, 1.000, 0.008
allegiance, 0.008, 1.000, 0.008
heathen_army, 0.008, 1.000, 0.008
conquer, 0.008, 1.000, 0.008
lead_army, 0.008, 1.000, 0.008
overcome, 0.006, 1.000, 0.006
townsman, 0.005, 1.000, 0.005
desire, 0.004, 1.000, 0.004
expel, 0.003, 1.000, 0.003
meat, 0.003, 1.000, 0.003
borough, 0.003, 1.000, 0.003
begin_reign, 0.002, 1.000, 0.002
Group num: 4, TC(X;Y_j): 0.093
army, 0.193, 1.000, 0.193
force, 0.097, 1.000, 0.097
gather, 0.045, 1.000, 0.045
hostage, 0.032, 1.000, 0.032
make_peace, 0.021, 1.000, 0.021
suffer, 0.020, 1.000, 0.020
overrun, 0.014, 1.000, 0.014
population, 0.014, 1.000, 0.014
summon, 0.013, 1.000, 0.013
rich_man, 0.011, 1.000, 0.011
deliver, 0.010, 1.000, 0.010
inhabitant, 0.010, 1.000, 0.010
ravage, 0.010, 1.000, 0.010
subdue_land, 0.008, 1.000, 0.008
determine, 0.008, 1.000, 0.008
naval_armament, 0.008, 1.000, 0.008
report, 0.008, 1.000, 0.008
hostile, 0.008, 1.000, 0.008
surround, 0.008, 1.000, 0.008
lay_waste, 0.006, 1.000, 0.006
expedition, 0.006, 1.000, 0.006
oppress, 0.006, 1.000, 0.006
exile, 0.005, 1.000, 0.005
overtake, 0.004, 1.000, 0.004
peace_make, 0.003, 1.000, 0.003
waste, 0.002, 1.000, 0.002
Group num: 5, TC(X;Y_j): 0.173
ship, 0.438, 1.000, 0.438
land_force, 0.044, 1.000, 0.044
proceed, 0.034, 1.000, 0.034
mouth, 0.031, 1.000, 0.031
enemy, 0.028, 1.000, 0.028
booty, 0.023, 1.000, 0.023
sail, 0.020, 1.000, 0.020
crew, 0.020, 1.000, 0.020
fleet, 0.016, 1.000, 0.016
coast, 0.016, 1.000, 0.016
disperse, 0.013, 1.000, 0.013
main_army, 0.013, 1.000, 0.013
reach, 0.010, 1.000, 0.010
escape, 0.010, 1.000, 0.010
deprive, 0.010, 1.000, 0.010
sea_coast, 0.010, 1.000, 0.010
warn, 0.009, 1.000, 0.009
return_homeward, 0.008, 1.000, 0.008
navy, 0.008, 1.000, 0.008
relative, 0.007, 1.000, 0.007
body, 0.006, 1.000, 0.006
ere, 0.006, 1.000, 0.006
sick, 0.005, 1.000, 0.005
design, 0.004, 1.000, 0.004
baptism, 0.004, 1.000, 0.004
dominion, 0.004, 1.000, 0.004
gift, 0.004, 1.000, 0.004
refuse, 0.003, 1.000, 0.003
cousin, 0.003, 1.000, 0.003
Group num: 6, TC(X;Y_j): 0.023
kingdom, 0.031, 1.000, 0.031
drive, 0.031, 1.000, 0.031
wise, 0.021, 1.000, 0.021
win, 0.019, 1.000, 0.019
good_man, 0.015, 1.000, 0.015
wise_man, 0.015, 1.000, 0.015
depart, 0.015, 1.000, 0.015
alderman, 0.013, 1.000, 0.013
great_council, 0.013, 1.000, 0.013
naval, 0.011, 1.000, 0.011
bury_minster, 0.011, 1.000, 0.011
remain, 0.010, 1.000, 0.010
fair, 0.009, 1.000, 0.009
destruction, 0.007, 1.000, 0.007
port, 0.007, 1.000, 0.007
rule, 0.006, 1.000, 0.006
obtain, 0.006, 1.000, 0.006
Group num: 7, TC(X;Y_j): 0.113
archbishop, 0.117, 1.000, 0.117
abbot, 0.078, 1.000, 0.078
choose, 0.058, 1.000, 0.058
mass_day, 0.048, 1.000, 0.048
resign, 0.027, 1.000, 0.027
take_wife, 0.022, 1.000, 0.022
synod, 0.020, 1.000, 0.020
invest, 0.020, 1.000, 0.020
give_abbacy, 0.016, 1.000, 0.016
choose_monk, 0.015, 1.000, 0.015
decease, 0.015, 1.000, 0.015
blessing, 0.015, 1.000, 0.015
abbacy, 0.015, 1.000, 0.015
pomp, 0.010, 1.000, 0.010
brother_succeed, 0.008, 1.000, 0.008
episcopal, 0.008, 1.000, 0.008
apostle, 0.008, 1.000, 0.008
bless, 0.008, 1.000, 0.008
assistance, 0.008, 1.000, 0.008
teach, 0.006, 1.000, 0.006
emperor, 0.006, 1.000, 0.006
stead, 0.005, 1.000, 0.005
consecrate_archbishop, 0.005, 1.000, 0.005
succeed_government, 0.004, 1.000, 0.004
altar, 0.003, 1.000, 0.003
die_body, 0.003, 1.000, 0.003
harass, 0.002, 1.000, 0.002
win_land, 0.002, 1.000, 0.002
Group num: 8, TC(X;Y_j): 0.086
castle, 0.083, 1.000, 0.083
peace, 0.077, 1.000, 0.077
promise, 0.055, 1.000, 0.055
lord, 0.046, 1.000, 0.046
protection, 0.023, 1.000, 0.023
treachery, 0.021, 1.000, 0.021
lie, 0.015, 1.000, 0.015
relict, 0.013, 1.000, 0.013
guild, 0.013, 1.000, 0.013
surrender, 0.013, 1.000, 0.013
dignity, 0.013, 1.000, 0.013
desert, 0.011, 1.000, 0.011
fill, 0.011, 1.000, 0.011
custody, 0.011, 1.000, 0.011
dwell, 0.011, 1.000, 0.011
do_homage, 0.009, 1.000, 0.009
renounce, 0.009, 1.000, 0.009
messenger, 0.009, 1.000, 0.009
hostility, 0.008, 1.000, 0.008
chief_man, 0.007, 1.000, 0.007
speed, 0.005, 1.000, 0.005
rest, 0.004, 1.000, 0.004
entertain, 0.004, 1.000, 0.004
great_pomp, 0.004, 1.000, 0.004
allow, 0.004, 1.000, 0.004
weather, 0.003, 1.000, 0.003
strength, 0.003, 1.000, 0.003
clergy_laity, 0.002, 1.000, 0.002
Group num: 9, TC(X;Y_j): 0.137
monk, 0.149, 1.000, 0.149
minster, 0.098, 1.000, 0.098
son, 0.036, 1.000, 0.036
clerk, 0.026, 1.000, 0.026
bishop, 0.025, 1.000, 0.025
speak, 0.024, 1.000, 0.024
saint, 0.023, 1.000, 0.023
monastery, 0.021, 1.000, 0.021
confirm, 0.020, 1.000, 0.020
service, 0.018, 1.000, 0.018
cross, 0.018, 1.000, 0.018
love, 0.017, 1.000, 0.017
concern, 0.016, 1.000, 0.016
consecration, 0.015, 1.000, 0.015
call, 0.014, 1.000, 0.014
abbot_monk, 0.011, 1.000, 0.011
mass_priest, 0.010, 1.000, 0.010
new_minster, 0.010, 1.000, 0.010
fen, 0.009, 1.000, 0.009
heavenly, 0.008, 1.000, 0.008
worship, 0.008, 1.000, 0.008
archbishopric, 0.007, 1.000, 0.007
perish, 0.005, 1.000, 0.005
government, 0.005, 1.000, 0.005
convert, 0.004, 1.000, 0.004
decreed, 0.004, 1.000, 0.004
Group num: 10, TC(X;Y_j): 0.085
die, 0.108, 1.000, 0.108
king, 0.071, 1.000, 0.071
brother, 0.041, 1.000, 0.041
pall, 0.038, 1.000, 0.038
body_lie, 0.022, 1.000, 0.022
bury, 0.021, 1.000, 0.021
pope, 0.020, 1.000, 0.020
nation, 0.020, 1.000, 0.020
holy, 0.019, 1.000, 0.019
betray, 0.016, 1.000, 0.016
gold_silver, 0.014, 1.000, 0.014
martyr, 0.012, 1.000, 0.012
wretched, 0.012, 1.000, 0.012
rood, 0.012, 1.000, 0.012
harvest, 0.011, 1.000, 0.011
defend, 0.010, 1.000, 0.010
archiepiscopal, 0.009, 1.000, 0.009
throw, 0.009, 1.000, 0.009
choose_pope, 0.007, 1.000, 0.007
advice, 0.007, 1.000, 0.007
property, 0.004, 1.000, 0.004
hallow, 0.003, 1.000, 0.003
Group num: 11, TC(X;Y_j): 0.046
church, 0.056, 1.000, 0.056
soul, 0.038, 1.000, 0.038
dead, 0.036, 1.000, 0.036
perform, 0.020, 1.000, 0.020
mother, 0.019, 1.000, 0.019
old_minster, 0.017, 1.000, 0.017
uncle, 0.016, 1.000, 0.016
dear, 0.015, 1.000, 0.015
bow, 0.013, 1.000, 0.013
man_remember, 0.013, 1.000, 0.013
great_famine, 0.013, 1.000, 0.013
pray, 0.013, 1.000, 0.013
honour, 0.012, 1.000, 0.012
bliss, 0.011, 1.000, 0.011
succeed_archbishopric, 0.011, 1.000, 0.011
assume_government, 0.008, 1.000, 0.008
decree, 0.006, 1.000, 0.006
assist, 0.005, 1.000, 0.005
war, 0.005, 1.000, 0.005
end_life, 0.004, 1.000, 0.004
subdue, 0.004, 1.000, 0.004
unjust, 0.003, 1.000, 0.003
engage, 0.003, 1.000, 0.003
Group num: 12, TC(X;Y_j): 0.046
hear, 0.043, 1.000, 0.043
reconcile, 0.029, 1.000, 0.029
evil, 0.024, 1.000, 0.024
folk, 0.024, 1.000, 0.024
land, 0.019, 1.000, 0.019
station, 0.019, 1.000, 0.019
heir, 0.016, 1.000, 0.016
servant, 0.016, 1.000, 0.016
join, 0.016, 1.000, 0.016
wist, 0.016, 1.000, 0.016
sell, 0.013, 1.000, 0.013
household, 0.011, 1.000, 0.011
work_castle, 0.009, 1.000, 0.009
settle, 0.008, 1.000, 0.008
glory, 0.007, 1.000, 0.007
heaven, 0.003, 1.000, 0.003
friend, 0.003, 1.000, 0.003
come_meet, 0.002, 1.000, 0.002
beg, 0.002, 1.000, 0.002
abandon, 0.002, 1.000, 0.002
unite, 0.001, 1.000, 0.001
Group num: 13, TC(X;Y_j): 0.035
burn, 0.082, 1.000, 0.082
gain, 0.033, 1.000, 0.033
put_flight, 0.033, 1.000, 0.033
flee, 0.018, 1.000, 0.018
weapon, 0.017, 1.000, 0.017
have_victory, 0.017, 1.000, 0.017
slaughter, 0.017, 1.000, 0.017
die_bury, 0.015, 1.000, 0.015
field_battle, 0.013, 1.000, 0.013
troop, 0.013, 1.000, 0.013
take_cattle, 0.011, 1.000, 0.011
victory, 0.008, 1.000, 0.008
knight, 0.008, 1.000, 0.008
subject, 0.007, 1.000, 0.007
deed, 0.006, 1.000, 0.006
pay, 0.006, 1.000, 0.006
sun_eclipse, 0.006, 1.000, 0.006
court, 0.005, 1.000, 0.005
mass, 0.003, 1.000, 0.003
Group num: 14, TC(X;Y_j): 0.075
council, 0.061, 1.000, 0.061
provision, 0.041, 1.000, 0.041
swear, 0.039, 1.000, 0.039
agree, 0.024, 1.000, 0.024
conduct, 0.023, 1.000, 0.023
abode, 0.022, 1.000, 0.022
give_castle, 0.020, 1.000, 0.020
offer, 0.020, 1.000, 0.020
star, 0.020, 1.000, 0.020
hold_court, 0.020, 1.000, 0.020
accept, 0.018, 1.000, 0.018
full_friendship, 0.018, 1.000, 0.018
consent, 0.015, 1.000, 0.015
territory, 0.013, 1.000, 0.013
tribute, 0.013, 1.000, 0.013
alm, 0.010, 1.000, 0.010
oath, 0.009, 1.000, 0.009
moon, 0.008, 1.000, 0.008
declare, 0.007, 1.000, 0.007
increase, 0.006, 1.000, 0.006
tribute_pay, 0.006, 1.000, 0.006
conspiracy, 0.005, 1.000, 0.005
noble, 0.005, 1.000, 0.005
sun, 0.005, 1.000, 0.005
Group num: 15, TC(X;Y_j): 0.039
priest, 0.065, 1.000, 0.065
receive, 0.036, 1.000, 0.036
sister, 0.025, 1.000, 0.025
give_bishopric, 0.024, 1.000, 0.024
consecrate_bishop, 0.024, 1.000, 0.024
great_worship, 0.018, 1.000, 0.018
sheriff, 0.018, 1.000, 0.018
consecrate, 0.015, 1.000, 0.015
succeed_earldom, 0.015, 1.000, 0.015
hallowed, 0.010, 1.000, 0.010
send_preach, 0.009, 1.000, 0.009
bishop_abbot, 0.008, 1.000, 0.008
earldom_father, 0.007, 1.000, 0.007
drive_bishopric, 0.006, 1.000, 0.006
manifold, 0.003, 1.000, 0.003
Group num: 16, TC(X;Y_j): 0.044
flight, 0.046, 1.000, 0.046
fight_put, 0.024, 1.000, 0.024
security, 0.024, 1.000, 0.024
steal, 0.022, 1.000, 0.022
fortress, 0.021, 1.000, 0.021
truce, 0.021, 1.000, 0.021
aid, 0.021, 1.000, 0.021
seek, 0.020, 1.000, 0.020
fort, 0.015, 1.000, 0.015
deal, 0.015, 1.000, 0.015
assemble, 0.013, 1.000, 0.013
besiege, 0.012, 1.000, 0.012
army_sit, 0.012, 1.000, 0.012
forsook, 0.010, 1.000, 0.010
army_collect, 0.010, 1.000, 0.010
fortnight, 0.007, 1.000, 0.007
field, 0.006, 1.000, 0.006
river, 0.004, 1.000, 0.004
naval_force, 0.004, 1.000, 0.004
Group num: 17, TC(X;Y_j): 0.028
thane, 0.079, 1.000, 0.079
destroy, 0.038, 1.000, 0.038
fire, 0.026, 1.000, 0.026
father, 0.020, 1.000, 0.020
citizen, 0.020, 1.000, 0.020
plunder_burn, 0.020, 1.000, 0.020
demand, 0.016, 1.000, 0.016
gate, 0.014, 1.000, 0.014
go_homeward, 0.010, 1.000, 0.010
leave, 0.009, 1.000, 0.009
sink, 0.008, 1.000, 0.008
betwixt, 0.006, 1.000, 0.006
nephew, 0.005, 1.000, 0.005
banish, 0.004, 1.000, 0.004
country, 0.004, 1.000, 0.004
possession, 0.003, 1.000, 0.003
festival, 0.003, 1.000, 0.003
conflict, 0.002, 1.000, 0.002
secure, 0.001, 1.000, 0.001
succeed_empire, 0.000, 1.000, 0.000
Group num: 18, TC(X;Y_j): 0.038
earl, 0.029, 1.000, 0.029
account, 0.028, 1.000, 0.028
counsel, 0.027, 1.000, 0.027
go_sea, 0.017, 1.000, 0.017
death, 0.017, 1.000, 0.017
island, 0.014, 1.000, 0.014
prison, 0.013, 1.000, 0.013
son_succeed, 0.012, 1.000, 0.012
treaty, 0.011, 1.000, 0.011
act, 0.011, 1.000, 0.011
reduce, 0.010, 1.000, 0.010
buy, 0.010, 1.000, 0.010
scot, 0.008, 1.000, 0.008
conclude, 0.008, 1.000, 0.008
english_nation, 0.008, 1.000, 0.008
crown, 0.007, 1.000, 0.007
loss, 0.007, 1.000, 0.007
retire, 0.006, 1.000, 0.006
empire, 0.005, 1.000, 0.005
divide, 0.005, 1.000, 0.005
rank, 0.005, 1.000, 0.005
seek_land, 0.005, 1.000, 0.005
ethel, 0.005, 1.000, 0.005
pass, 0.005, 1.000, 0.005
porch, 0.004, 1.000, 0.004
Group num: 19, TC(X;Y_j): 0.043
wife, 0.065, 1.000, 0.065
treasure, 0.055, 1.000, 0.055
child, 0.031, 1.000, 0.031
possess, 0.027, 1.000, 0.027
outlaw, 0.025, 1.000, 0.025
daughter, 0.021, 1.000, 0.021
faithful, 0.021, 1.000, 0.021
swear_oath, 0.018, 1.000, 0.018
difficulty, 0.015, 1.000, 0.015
give_earldom, 0.013, 1.000, 0.013
maintain, 0.013, 1.000, 0.013
whole_army, 0.013, 1.000, 0.013
proclaim, 0.009, 1.000, 0.009
storm, 0.007, 1.000, 0.007
depart_life, 0.007, 1.000, 0.007
advise, 0.007, 1.000, 0.007
friendship, 0.006, 1.000, 0.006
fall, 0.005, 1.000, 0.005
money, 0.003, 1.000, 0.003
kinsman, 0.003, 1.000, 0.003
hide, 0.003, 1.000, 0.003
